w = [
   -0.1886
   -0.0969
    0.1126
    0.0549
   -0.1172
   -0.1252
   -0.2415
   -0.0057
   -0.0819
    0.0012
   -0.0645
   -0.0847
   -0.2900
    0.0435
    0.2065
   -0.1003
   -0.1626
   -0.2196
   -0.1620
   -0.2057
    0.0428
   -0.0449
   -0.0007
   -0.0517
   -0.1779
   -0.0137
    0.0436
   -0.1203
    0.0715
   -0.1255
   -0.1254
   -0.0489
   -0.0924
   -0.3063
   -0.3074
   -0.2058
   -0.1901
    0.0784
    0.1603
   -0.1130
   -0.1776
    0.0228
    0.1805
    0.2577
    0.0881
   -0.2029
   -0.3781
   -0.1467
   -0.0702
   -0.1182
    0.5185
   -0.0067
   -0.0570
   -0.0376
   -0.0999
   -0.2391
   -0.0186
   -0.1367
    0.1108
   -0.1129
   -0.1458
   -0.0907
    0.1315
   -0.2146
    0.0964
    0.1420
    0.0340
    0.0066
    0.1376
   -0.2369
   -0.0251
   -0.1843
   -0.0470
    0.1131
   -0.0598
   -0.0665
   -0.1797
   -0.0836
    0.0672
    0.1114
   -0.2993
   -0.2087
    0.0403
   -0.0406
    0.0638
   -0.1421
    0.4667
   -0.1078
   -0.0756
   -0.2547
   -0.1127
   -0.1894
    0.0266
   -0.1587
   -0.0444
    0.0359
   -0.1601
   -0.0799
    0.2748
   -0.2199
   -0.0491
    0.2022
   -0.0954
   -0.1172
   -0.0722
   -0.0330
    0.0875
    0.0345
   -0.1396
   -0.0404
   -0.0463
    0.0427
    0.1604
    0.0776
    0.1779
    0.0364
   -0.0112
   -0.1129
    0.0450
    0.0024
    0.1703
    0.0094
    0.4254
   -0.1555
    0.2198
   -0.3239
    0.1105
   -0.1832
    0.1413
   -0.0743
    0.2245
    0.0297
   -0.0381
    0.0092
    0.3054
   -0.0810
   -0.1703
    0.1391
   -0.0453
    0.0114
   -0.1061
   -0.0011
    0.0241
    0.0412
   -0.1525
   -0.1647
   -0.1769
    0.0685
    0.0295
   -0.1375
   -0.0582
   -0.0330
    0.0282
   -0.0530
   -0.0766
   -0.1737
   -0.0410
   -0.0231
    0.3273
   -0.0743
    0.0953
   -0.0734
    0.2388
   -0.1021
    0.2614
   -0.1529
   -0.0223
   -0.1548
   -0.1554
   -0.1272
    0.3531
   -0.1969
   -0.1440
   -0.1931
   -0.1999
   -0.1921
   -0.2391
   -0.0921
   -0.1452
   -0.1814
   -0.2382
   -0.0954
   -0.1620
   -0.0342
   -0.1391
   -0.0401
   -0.1480
   -0.1317
    0.5303
   -0.1515
   -0.1991
   -0.0635
    0.0750
    0.0305
    0.2775
    0.0180
    0.3193
   -0.0638
    0.0970
    0.0402
    0.4656
    0.0357
    0.3251
   -0.1188
    0.0189
   -0.0162
    0.2071
   -0.2170
   -0.0609
   -0.0462
    0.0370
   -0.0196
   -0.2348
   -0.0247
   -0.0119
   -0.0658
    0.0134
   -0.1277
   -0.0769
   -0.0074
   -0.1027
    0.0871
   -0.1366
   -0.1045
    0.2430
   -0.2153
   -0.0043
    0.1586
   -0.0701
   -0.0822
    0.1480
   -0.0321
    0.3309
   -0.1137
    0.0698
   -0.1620
    0.4968
   -0.0591
    0.1081
   -0.1428
   -0.0502
   -0.0277
   -0.0267
   -0.0807
    0.0434
   -0.1903
   -0.1222
   -0.0518
   -0.1421
   -0.0588
    0.0730
    0.0320
   -0.0695
    0.1472
    0.1611
    0.0000
   -0.0987
   -0.1806
   -0.1330
   -0.0246
    0.2017
   -0.2658
    0.0344
   -0.0289
   -0.1590
   -0.3042
   -0.1221
   -0.1087
    0.2175
   -0.0936
   -0.1253
   -0.2219
    0.5130
   -0.1350
   -0.0627
   -0.2104
    0.1401
    0.1652
   -0.1416
   -0.3163
   -0.0062
   -0.0392
   -0.1336
    0.1525
   -0.0353
   -0.1706
   -0.0567
   -0.0936
   -0.0580
   -0.0765
   -0.1015
   -0.1354
   -0.0421
   -0.0168
   -0.1649
   -0.0915
    0.0346
   -0.1494
    0.1106
    0.0819
    0.0206
   -0.2426
    0.0584
    0.0966
    0.0398
   -0.2239
    0.0316
   -0.0236
    0.4174
   -0.0290
    0.0247
    0.0038
    0.4770
    0.3026
    0.1165
   -0.2056
   -0.1805
   -0.0159
    0.1432
    0.1881
    0.1994
   -0.0720
    0.0206
    0.0894
    0.1363
   -0.0329
   -0.1504
   -0.0674
   -0.0608
   -0.2302
   -0.1157
   -0.2047
   -0.1643
   -0.1244
    0.0526
   -0.2162
   -0.1249
   -0.2514
    0.0430
    0.1384
   -0.0789
   -0.1275
   -0.2614
   -0.0274
    0.3497
    0.0774
   -0.1931
   -0.1488
   -0.2862
   -0.1611
    0.1488
    0.0743
   -0.2189
   -0.1996
   -0.2376
   -0.2196
    0.0393
    0.0297
    0.0282
   -0.2327
    0.1986
   -0.1247
   -0.1117
    0.0266
    0.1791
    0.0901
    0.1239
    0.0097
   -0.0417
    0.0325
    0.0110
    0.0909
   -0.0268
   -0.0751
   -0.1674
    0.2178
   -0.0643
   -0.1335
   -0.0421
    0.1530
    0.1659
   -0.0716
    0.0312
   -0.2239
    0.0655
   -0.0608
    0.1420
    0.2765
    0.1772
   -0.1115
    0.0120
   -0.1320
   -0.0342
    0.0947
    0.0414
   -0.1332
    0.0590
   -0.1751
    0.0219
   -0.0091
    0.1853
    0.1930
    0.0863
    0.0352
   -0.0904
    0.1922
   -0.0668
   -0.0328
   -0.3125
   -0.2132
   -0.2352
    0.1360
   -0.3084
   -0.2119
   -0.2468
    0.2426
   -0.1556
   -0.0288
    0.2568
   -0.0404
   -0.1307
   -0.0656
   -0.1874
   -0.0136
    0.2276
    0.0909
   -0.1015
    0.0287
   -0.0071
    0.0009
   -0.1139
   -0.1746
    0.0233
   -0.1259
   -0.1019
    0.0912
   -0.2381
   -0.1405
   -0.0661
    0.1836
   -0.0073
    0.0222
   -0.1010
   -0.0907
   -0.1734
   -0.1231
   -0.1566
    0.2993
   -0.0513
   -0.0288
   -0.3092
    0.5371
    0.0139
    0.0211
    0.1204
    0.0898
   -0.0769
   -0.0914
   -0.2422
   -0.1649
    0.1157
   -0.0976
   -0.0012
    0.0740
   -0.1558
   -0.0772
   -0.2087
   -0.2355
   -0.0190
    0.1045
   -0.0297
   -0.1341
    0.0263
   -0.0824
   -0.1005
    0.3024
   -0.0290
   -0.1006
    0.0089
   -0.1735
   -0.0076
    0.1506
   -0.1204
    0.2346
   -0.0724
    0.0832
   -0.2326
    0.2318
   -0.2450
    0.1669
   -0.0654
    0.0399
   -0.0600
   -0.0228
   -0.3269
   -0.1754
   -0.0657
   -0.1397
   -0.0566
   -0.1467
   -0.0668
    0.0897
    0.1380
   -0.2676
    0.0346
    0.1506
    0.0721
   -0.0464
   -0.0291
   -0.0868
    0.0096
   -0.0683
   -0.1423
   -0.1690
   -0.1719
   -0.3109
    0.0286
    0.3586
   -0.0565
    0.2050
   -0.0271
   -0.0756
   -0.0714
    0.1943
   -0.1972
    0.1323
   -0.1154
    0.0315
    0.0672
    0.1455
    0.0503
    0.0204
   -0.1439
   -0.0979
    0.0274
   -0.1880
   -0.0400
    0.0468
    0.1420
   -0.1007
   -0.0359
   -0.0266
   -0.1722
    0.0143
   -0.0329
   -0.2884
   -0.0592
   -0.1813
   -0.3427
   -0.2028
   -0.0066
    0.0376
   -0.2358
    0.2670
   -0.0572
    0.0522
    0.0744
    0.1685
   -0.2856
   -0.0393
   -0.2388
    0.3671
   -0.2063
   -0.0198
   -0.0541
    0.2049
    0.1551
    0.0247
   -0.1676
    0.0492
   -0.0762
   -0.1010
    0.0370
   -0.1353
   -0.0266
   -0.0403
   -0.0314
   -0.0638
   -0.0682
   -0.0378
    0.1451
   -0.1253
    0.1129
   -0.1027
   -0.1908
    0.1617
    0.1324
   -0.2019
   -0.2290
    0.4423
   -0.0671
   -0.0605
    0.1586
    0.0501
   -0.0214
   -0.2397
   -0.3508
    0.2436
   -0.0369
   -0.0506
   -0.0060
   -0.0812
   -0.0079
    0.1138
   -0.1556
    0.1209
    0.0363
   -0.2360
   -0.1261
    0.0871
    0.0101
   -0.0173
    0.1384
    0.0709
    0.0192
    0.1953
   -0.0808
    0.0158
    0.0331
    0.0440
   -0.0263
    0.2206
    0.2471
   -0.2996
   -0.3338
    0.0613
   -0.0481
    0.0001
    0.1947
    0.0576
   -0.1084
   -0.2860
   -0.0937
    0.1896
   -0.0040
    0.1398
    0.2291
    0.1634
   -0.0282
    0.0902
   -0.0345
   -0.0561
    0.1643
   -0.1320
   -0.1189
   -0.1453
   -0.0175
   -0.2020
    0.0642
    0.1510
    0.2508
    0.1254
   -0.0155
   -0.1632
   -0.0120
    0.0646
    0.1630
    0.1130
    0.0344
   -0.0528
   -0.2587
   -0.1246
    0.1717
    0.0451
   -0.0225
   -0.1375
   -0.2548
   -0.1411
    0.2802
    0.0229
    0.0269
    0.1150
   -0.1505
   -0.0945
    0.1592
    0.1386
    0.1042
   -0.0702
    0.0073
    0.0214
    0.0354
    0.0293
    0.0348
   -0.1988
    0.1334
    0.0032
    0.0305
   -0.1226
    0.0323
    0.0925
    0.3085
    0.2152
    0.0171
   -0.0614
   -0.1897
    0.0787
   -0.0269
   -0.1634
    0.2865
    0.2310
   -0.0248
   -0.1472
   -0.1064
    0.0056
    0.1707
    0.0077
    0.2069
   -0.1299
   -0.0904
   -0.0296
    0.3301
    0.2391
    0.2415
    0.0690
    0.0925
    0.0030
    0.1036
   -0.0669
    0.0559
   -0.1507
   -0.0292
    0.0703
    0.0405
   -0.0288
   -0.0065
    0.0930
